       -0.597        2.871       -0.205
        2.035        1.127        0.702
        1.241        3.191        1.058
       -1.088        0.568        2.865
        2.680        0.922        0.578
        0.889       -0.060        2.461
       -0.036       -0.191       -2.121
       -0.138       -2.012       -1.719
        0.168       -1.144       -1.363
       -3.441       -1.270       -0.425
        0.829        2.308       -1.686
       -1.801        2.825       -0.494
       -0.289        1.764       -0.674
       -2.999        1.720       -1.133
        1.520       -0.905        3.069
        2.177        0.724        0.134
        1.702       -0.668        1.761
        0.667       -0.035        3.117
        2.878        0.259        0.645
       -3.358        1.857        0.741
       -1.297       -3.432        0.721
        2.064        2.043       -0.719
        0.328        1.958        2.169
        0.868       -2.516        0.581
       -2.315       -1.929        0.643
        1.858       -0.412        0.430
       -1.571        0.072        3.095
       -1.512       -1.362       -2.124
        2.463        0.937        1.239
       -1.028       -0.098        0.543
        2.236       -0.466        2.178
       -1.177       -2.558        1.728
        1.963       -2.014       -0.453
       -0.493        0.621        2.071
       -2.941       -1.969        1.392
       -3.137       -0.133       -0.741
       -1.570       -0.048       -0.552
       -2.014        2.640        0.817
        1.289       -1.523       -0.972
       -1.034       -0.871       -2.334
        3.049       -0.402        0.735
       -0.512        3.706        0.822
       -0.644       -1.443        0.714
       -3.425        1.216        1.459
        3.422       -0.605       -1.101
       -0.708       -2.090        1.470
       -0.431       -2.108        0.815
       -2.826        1.031       -1.062
        1.839       -0.006        3.391
        0.913       -1.384        0.911
        0.301        1.327        2.941
       -3.263        0.535        1.594
        0.589        0.640       -0.036
        0.935       -1.626        1.579
        0.040       -1.653        0.608
        0.233        1.069        1.185
        1.991        2.299       -1.356
       -0.635       -3.389       -0.075
        1.790        1.154        1.372
       -3.521        0.309        0.472
       -0.282       -0.946        3.564
        1.994       -1.073       -1.875
        0.380       -1.809       -1.287
       -2.356       -0.601        2.202
       -1.466        1.906        2.661
        0.621       -2.509        1.239
        2.884        1.175       -0.780
       -0.215        0.479       -2.225
        1.691        0.658        3.333
       -0.962        0.141        2.290
        1.471        3.143        0.405
       -1.059       -1.632        2.691
        0.370        1.041        3.586
       -1.309        0.561        3.506
        1.326       -0.854       -1.752
        0.193        1.225       -3.074
       -2.070        0.539        1.884
        0.130       -1.778       -0.624
        1.594        0.901        2.679
       -2.553        2.180       -1.367
       -3.458       -1.016       -1.076
       -2.780       -0.305       -2.595
        2.237        0.317       -2.825
       -3.398        2.109        0.069
        2.795       -1.577        1.082
        0.406       -2.755        2.509
       -0.226        1.512       -0.020
        1.617       -2.875       -0.782
       -1.156        2.897       -1.295
       -2.278       -2.191        1.300
        2.099       -0.188       -0.860
        0.592       -0.153       -2.913
       -0.622       -2.497       -1.496
        3.670       -0.354       -0.029
       -0.280        2.686       -2.096
       -1.198       -1.390       -0.361
        0.483       -3.164       -0.434
       -2.448       -1.505        1.182
        0.801       -0.033        0.047
        0.359        1.835       -1.452
        0.667        2.708       -1.131
       -1.115        1.598       -2.830
       -0.324        3.084        0.905
        3.403        0.971        2.156
       -3.647        0.713        1.032
       -3.203        1.455        0.169
        2.133       -1.494       -2.442
        2.461        0.004        2.640
       -1.994        0.116       -1.093
        1.860       -2.886       -1.446
       -3.232        0.410       -2.049
       -0.927        1.066        0.887
       -0.834       -2.722       -0.170
       -3.737        1.239       -0.271
        0.391       -0.508        2.683
        0.998        3.581       -0.771
       -2.110       -1.701       -0.680
        1.332       -2.945        1.737
       -2.127       -2.611        0.750
        2.288       -2.034        1.263
       -1.958        2.208       -2.142
        0.331        2.889        0.766
       -3.306       -1.392       -1.647
       -0.095       -0.079        1.521
        1.091        0.191        1.149
       -1.419        2.427       -1.748
        1.397        0.301       -1.392
        1.311        2.941        1.695
        1.309       -1.802       -0.324
       -0.493       -0.922       -1.229
       -1.119       -1.899        0.933
        1.156        3.174       -1.333
        0.541       -3.410        0.211
        1.782       -1.337       -0.531
        0.916        0.771       -2.600
       -2.377        0.565        0.130
        3.095        0.731        1.100
       -0.394        0.003       -0.262
        1.159       -1.372        0.236
       -0.098       -3.428        1.014
       -0.820        1.568       -1.092
        2.576        0.285       -1.074
        0.527        1.295        2.274
       -0.692       -1.184        0.057
        0.452       -1.837        1.146
       -1.464       -2.792        0.624
       -0.667       -2.216       -2.156
       -0.341       -3.408        1.663
        3.375       -1.511        0.289
        1.025       -0.456        1.885
        2.939        1.015       -1.953
        0.244       -2.058        2.445
       -1.645       -1.222       -0.901
        0.120        0.152        0.183
        1.126       -2.889        2.397
        1.189        0.970       -1.491
        0.604        2.207        3.244
        2.714       -0.002        1.977
       -1.160       -0.738       -1.125
        3.309       -1.513       -2.112
       -1.805        1.956        0.920
       -0.532        0.378        0.322
        2.828       -0.408        1.400
        1.150       -2.296        1.650
        2.765        1.844        1.565
       -1.613        2.151       -0.401
       -0.264        0.737       -2.884
       -2.182        0.804       -1.160
        1.475       -1.294       -2.291
        1.185       -2.440       -1.993
       -0.862        2.895        0.474
       -2.748        0.758        2.002
       -2.638       -1.632       -1.776
       -0.360       -1.220        1.825
        1.457       -0.264       -0.085
        0.172        0.429        1.937
        1.805        2.082       -0.058
        0.317       -0.510        0.279
        0.141        2.663        2.085
        2.134        1.903       -1.933
        2.411        0.698       -0.531
       -0.748       -0.778        3.059
        1.657        1.567        1.914
       -0.102        1.081       -0.575
        2.085        3.223       -0.340
       -1.037        0.164       -0.113
       -0.003        0.207        3.277
       -0.790       -2.982        0.492
        0.855        1.140        0.392
        1.213       -1.128        1.987
       -1.499       -0.572        0.746
        1.984       -2.265        0.201
        0.576        1.821       -2.125
        0.823       -3.157        1.316
        0.719        0.476       -1.244
       -0.295       -2.506        0.267
       -0.441        2.194       -0.099
       -0.981        2.233       -1.207
       -2.635       -1.878       -1.100
       -1.032       -1.011        1.950
       -1.699        0.363       -0.003
        1.451        0.939       -2.156
        3.021       -1.078        1.513
        0.966       -2.673       -0.645
       -0.021        1.107        1.840
        1.983       -0.445        2.837
        1.755       -2.224        0.857
        2.452       -2.434        0.729
       -3.491        0.054        1.130
        0.939       -1.501       -2.699
        1.354        2.506       -1.247
       -1.591       -3.434       -1.038
       -2.132        1.996       -0.817
        0.108        1.993        2.839
        0.689        1.541        0.955
       -0.679       -2.379        2.153
        2.611       -1.015       -2.649
        0.254       -1.133        1.043
        3.217        0.074       -1.192
        0.146        0.080       -3.414
       -2.502       -0.082       -1.521
        3.124       -1.756       -0.814
       -0.245        0.606        1.417
        1.929       -1.615        2.475
        0.464       -2.087        1.783
        1.387        1.231       -2.784
        1.568        0.669        0.930
        3.153       -0.859       -2.205
        2.402       -0.220        0.863
       -0.473        2.439       -0.764
       -1.283        3.069       -0.092
        2.221        0.450        0.793
       -3.299        0.549       -0.826
       -2.899        1.286       -1.721
       -0.953        1.971       -0.525
        0.448       -1.969       -2.505
        0.665        0.888        1.725
        0.192        2.236       -0.887
       -2.405        2.816        0.282
       -0.687       -0.005       -1.986
       -1.091        2.410        0.020
        3.125        1.639       -0.285
       -0.917        1.717        0.126
       -1.702        1.289       -1.404
       -0.558       -1.458        3.169
       -0.455       -3.172       -1.393
        1.977        0.488        1.477
       -1.936       -3.010        0.187
       -1.975       -1.834       -1.873
       -1.941       -2.099       -1.226
       -0.770        1.307       -0.421
        3.288        0.070        1.193
       -1.265       -0.057        1.177
        2.107       -0.452       -0.225
       -2.932        1.686        1.257
       -0.906       -0.232       -0.676
       -0.866        0.405       -1.458
       -1.847        0.799        0.572
        2.589        1.169       -2.503
        2.411       -1.269       -1.328
        0.179        1.329        0.512
        1.760       -0.133       -2.610
       -1.752        1.788       -2.690
        0.786       -0.820       -2.826
       -2.833       -0.933       -1.863
       -0.996       -3.215        1.781
       -2.268        1.378       -2.456
        1.161       -3.331       -0.562
       -0.105        0.188        0.850
       -2.467        1.230        2.435
       -0.884       -0.503       -0.014
        3.172       -0.843        0.183
       -2.843       -0.812        1.751
        1.490        1.304        3.228
        0.514        2.212        0.852
       -0.191        0.221       -1.572
        2.645        1.183       -0.106
        0.980       -1.741       -2.070
        0.767        1.139       -2.021
        1.269       -0.512        1.240
       -1.524       -1.213        1.511
       -0.603       -0.277        1.069
       -1.795       -2.787       -1.148
       -0.408       -0.940        1.145
       -1.760        1.668        1.564
       -1.710       -1.430        2.815
        1.411        0.002       -0.743
       -1.518        1.255        3.389
       -0.072        0.062       -2.764
       -2.239        1.215        1.796
       -1.767       -1.847       -2.553
       -1.621        1.129       -2.620
        0.653        1.799        0.283
       -4.177        0.781       -0.037
        2.966       -0.150       -2.288
       -2.599       -0.962       -2.518
       -2.061        2.616       -1.584
       -0.532       -0.557        1.725
        1.286        2.015        3.155
        0.169       -2.058        0.030
        1.088        1.109       -0.260
        0.931       -0.432       -0.503
        1.081       -0.831       -1.084
       -0.994        2.373        2.441
        0.293       -1.393        1.689
       -2.231        0.135       -0.418
        0.097        0.428       -0.483
       -1.141        1.753        0.790
        2.761       -2.598       -1.154
        3.185        0.323       -1.850
        3.357        0.728        0.435
        1.756       -0.957        2.405
       -0.192       -1.751       -2.361
        1.104       -2.172       -2.624
        0.543       -0.930        2.124
        0.394       -2.992        0.772
        3.537       -1.021       -1.663
        1.581        0.532       -2.714
       -2.429       -2.545       -0.997
       -3.549        0.568       -0.162
       -2.481        2.167        1.046
       -0.539        3.118        1.552
        0.205       -3.358       -1.502
        0.478        2.483        0.199
       -1.316       -2.033       -2.026
       -0.365        2.448        1.643
       -3.024       -1.461        0.133
        2.253       -1.778        0.636
       -3.060       -1.430       -2.297
        2.113       -1.353        1.185
        2.298        0.048       -2.175
        1.306        0.669        1.591
       -2.786       -1.477       -0.552
        0.762       -1.865        2.866
       -1.905        1.042       -0.072
        1.225        1.622       -2.241
       -2.088        0.689       -2.374
        0.835        0.216        1.816
        2.860        1.455       -1.403
        1.664        1.425       -1.710
        2.942        1.406        1.030
       -3.295       -0.643        1.221
       -0.436        1.274        1.319
        0.263       -0.257       -0.383
       -2.821       -2.143        0.222
       -4.028        0.104        0.049
        2.061        0.997       -2.905
        0.530       -1.312       -3.226
       -0.084       -0.993        2.916
        0.849       -1.330       -1.511
       -0.121       -1.102       -3.132
       -1.219        1.756       -1.645
       -2.488       -1.275        0.536
        2.718       -0.126       -1.629
       -1.580        1.018        1.643
        0.696       -1.975       -3.173
        1.405       -0.893        0.674
       -0.674        1.319        1.958
       -0.482        1.545        0.654
       -3.678       -0.334       -1.182
        1.859        2.717       -0.810
        0.471        3.378       -1.216
        2.513        0.535       -1.738
        2.161       -0.194        1.550
        1.749        0.900       -0.402
       -3.668       -0.068       -1.827
        1.228        2.305        2.508
        1.151       -0.196       -1.823
        0.663       -2.646       -2.410
       -1.308       -1.231        0.848
        3.065       -1.482       -1.458
       -2.036       -0.528       -0.338
       -1.623       -3.177       -1.688
       -0.720        0.129        1.627
       -0.905        0.807        1.543
        1.736       -0.015        1.018
        1.001       -1.406        3.290
        0.710        0.611        2.371
       -1.153       -2.704       -1.925
        2.293        1.204       -1.840
       -1.276        1.101       -0.865
        1.687        0.261        0.346
        3.347       -0.223        1.836
       -1.629        0.347        2.434
       -1.334       -2.138        2.262
       -1.266        2.033       -2.299
       -0.162       -2.909       -0.293
       -0.779       -3.237        1.140
        0.784       -0.953        1.462
       -0.296       -1.619       -1.129
        2.234        1.373       -0.648
        2.983        2.052        0.283
        0.528        2.089       -2.740
        1.570       -0.375       -1.298
        1.325       -2.055        0.329
        1.211        0.167        3.574
        1.046        2.290       -2.342
        1.455       -1.163        1.339
       -3.990       -0.183        0.715
       -1.553        2.181        2.009
       -0.302       -0.028        2.186
       -0.705        3.364       -1.524
        1.118        1.361        1.495
       -0.035       -2.308        1.356
       -2.881        2.351        0.503
        1.381        2.240       -0.600
       -2.146       -1.431       -1.351
       -1.441       -3.035        1.270
        1.428        1.602        2.581
        0.720       -1.592        2.231
       -2.675       -1.496        1.848
       -0.612        1.804       -2.396
        2.645        0.262        1.326
       -2.313        0.162       -2.821
       -1.497       -1.482        2.143
        2.793       -1.678       -2.560
        1.586       -2.455        2.187
       -2.304       -1.009       -0.773
        3.352       -0.346       -1.734
        0.528        3.122       -0.560
        0.108        3.833        0.028
        1.803        0.253        2.759
       -0.044        3.173       -1.647
       -1.200       -0.337        1.821
        3.586        1.218        0.887
       -2.345        0.298        0.783
       -1.251       -0.974        2.612
       -0.835       -0.783        0.607
        3.238       -2.137       -1.378
        1.826       -2.519        1.513
       -1.702       -1.867       -0.131
       -1.573        1.934        0.256
       -3.475       -1.910        0.328
       -2.176       -2.328        0.088
        0.367        1.577       -0.796
        1.967        2.714        1.564
        0.019       -2.692       -1.633
        2.817       -1.960       -1.922
        1.869        2.073        2.360
        1.615        0.264       -2.065
        0.389        0.544       -3.004
       -2.364        1.513       -1.277
        1.831       -2.639       -2.088
       -0.658        0.383        3.372
       -0.183        3.567       -1.096
       -1.528        0.624       -1.313
       -2.049        0.403       -1.740
        3.622       -1.539       -0.339
       -1.839       -0.280       -1.642
       -1.294        1.244        2.747
       -1.167        0.577        0.434
        1.642       -0.931        0.006
       -1.926        0.141        1.312
        1.583        1.567       -0.482
        1.822        0.879        2.010
       -1.299       -2.320       -1.354
        3.166        1.361        0.362
       -1.382       -3.178       -2.335
        2.653       -2.469        0.081
        0.655       -0.671       -1.590
       -0.878        2.001        1.885
        2.510        1.588        0.472
       -2.703        0.606       -1.615
        1.158        0.439        2.920
        2.888       -0.809       -1.551
        2.053       -2.027        1.929
       -0.806       -2.100       -0.937
       -1.127        2.639       -0.633
        2.050       -1.091        0.538
        0.115       -0.742        1.586
       -1.542        3.089        0.605
       -2.605       -2.135       -0.450
        0.901        1.775       -0.386
        2.373        0.039        0.211
       -1.381        1.252        0.362
        0.594        0.918       -0.698
       -2.234       -2.284       -2.309
       -0.915       -2.712       -2.589
        1.654        2.484        0.497
        1.810       -2.376       -2.737
       -2.444        1.773       -1.918
       -2.295        2.640       -0.933
       -0.514        0.243       -3.318
       -2.313        0.546        2.546
        0.048        1.623       -2.551
       -1.945        1.308       -0.727
       -0.063       -1.105       -0.717
        2.353       -2.424       -1.669
       -0.843       -1.697        2.032
       -0.901       -3.608       -1.140
        0.037        1.741        1.091
        0.037        0.836        2.509
       -0.747        0.398        1.001
       -3.362       -0.111       -0.065
       -2.354       -1.663       -0.016
        0.964        2.028        1.384
        0.965        2.939       -0.036
        3.452       -0.847       -0.484
       -1.417       -0.574        3.169
       -3.112       -1.318        1.321
       -1.828       -0.549       -0.997
       -2.598        1.522       -0.600
        1.689       -3.142       -0.142
        0.955        1.123        2.808
        1.068       -0.725        2.555
       -1.892        1.956       -1.486
        1.307       -2.706        1.096
        3.049        0.749       -1.319
        2.722        1.189        2.309
        2.324        2.266        0.393
       -1.471        1.780       -0.965
        2.261        1.610        1.140
       -1.309        3.308       -0.735
        0.708        1.423       -2.668
        3.310        0.976       -0.203
        0.906       -0.175       -1.144
       -2.907        0.358       -0.299
       -0.823        2.629        1.131
       -0.931       -2.578        1.043
       -1.812        3.090       -1.156
       -2.863        0.092        0.369
        0.139       -0.866       -2.029
       -3.491       -0.748       -1.724
        2.788        2.719        0.153
       -0.607       -2.768       -0.833
        2.291        2.531       -0.278
        3.818       -1.021        0.067
        0.322       -1.528       -1.942
        3.761        0.536        0.952
       -1.750        0.755        2.979
        3.073        0.494       -0.646
        2.054        0.076       -1.513
        0.493        0.665        3.023
       -2.415        1.880        1.696
        1.185        2.909       -0.694
        1.033        0.824        3.474
        0.651       -1.588       -0.202
       -0.167       -0.975        0.495
        1.320        1.609        0.171
       -2.474       -0.351       -0.861
        0.240        1.993       -0.246
        2.158       -2.678       -0.362
        1.458       -2.215       -0.885
        1.096        0.083       -2.486
        2.516        1.858        2.235
       -3.037       -0.272       -1.974
       -2.959       -0.807       -0.652
       -0.838       -1.553       -2.227
        0.045        0.701       -1.140
        1.200       -2.676       -1.330
       -2.982       -1.739        0.766
        1.608       -0.659       -0.634
        2.518        0.674        1.881
        0.629        3.021       -1.773
       -0.444        0.231       -0.919
       -1.280       -3.209        0.063
       -0.459       -0.274        3.511
        0.713        2.455       -0.484
       -2.112        0.794        1.225
       -1.831       -2.521       -1.784
        0.012        2.918       -0.991
        0.465       -0.914       -0.280
        0.673       -2.770        1.871
        2.255       -0.865       -0.780
       -3.208       -0.777        0.007
        2.759       -0.671       -0.357
        1.119       -1.111       -0.424
       -0.481        1.380       -2.990
        0.644        3.094        1.841
        3.910       -0.148        1.060
        2.938        0.508        2.401
        1.739       -1.040       -1.225
        1.373       -1.795        2.094
       -2.041        1.460        0.488
        0.357       -2.727        0.120
       -2.190       -1.010        1.628
       -1.233       -1.366       -2.738
        1.338       -3.134       -1.903
        1.276        0.436       -0.174
        1.521        1.834       -1.154
       -1.609       -2.377        1.174
       -3.687        0.986        0.393
       -2.539        0.064        2.075
        1.487        2.261        1.821
       -0.180        2.679        0.347
        0.903       -2.267        2.302
       -0.157        2.275       -2.622
       -0.143        1.366       -1.237
       -1.000        3.299        1.020
        2.720        2.077        0.931
        2.964        1.182        1.658
       -4.180        0.478        0.609
        3.715       -0.638        0.616
       -0.675        2.219        0.561
       -3.854       -0.572        0.152
       -3.793       -0.852        0.784
       -0.911       -0.128        2.957
        1.422        2.508        1.169
       -1.353        1.507        2.093
        2.306        1.360        1.783
       -2.795        2.221       -0.703
        0.583        2.473        2.586
       -1.000       -1.135       -1.693
       -0.013        1.991        0.423
       -0.264       -2.928       -2.674
       -0.960       -0.229       -3.089
       -0.115       -2.275       -1.061
        1.059        1.365       -0.925
       -3.949        0.778       -0.711
       -0.070        2.011       -1.977
       -0.499       -2.897       -2.044
       -2.667       -0.597        0.459
        3.611        0.906        1.513
       -2.018       -1.687        1.718
        0.180        1.708        3.505
       -2.215        1.093       -1.827
        0.173       -3.098       -2.163
       -0.075        2.660        2.742
        0.294        3.140        0.100
        1.637       -1.820        1.437
       -1.164       -1.666        0.292
       -1.719       -0.544        1.395
       -1.692       -0.687       -2.218
       -0.882       -1.441        1.372
        1.827        2.991       -1.454
       -2.528        0.982        0.685
       -1.929        3.251        0.059
       -2.131       -1.287        2.299
        0.725       -3.156       -1.088
       -3.347        0.817       -1.483
        0.049       -1.778       -3.041
        2.646       -1.288       -2.014
        1.488        2.093       -1.794
        0.158        3.563        0.644
       -0.639        1.967        1.219
        3.729        0.285       -0.756
        2.063        1.367        2.433
       -1.041        1.736        3.158
        1.368        0.391        2.230
        0.383        0.679        0.610
       -3.164        0.133       -1.397
        0.564        0.008        0.721
       -1.051        3.523        0.348
       -2.304        1.478        1.152
       -2.123       -0.497       -2.726
        2.272        0.695        2.517
        2.955        2.323       -0.377
        0.584       -0.265        1.348
       -1.630        2.453       -1.061
       -0.211       -1.611        1.259
       -1.370        1.083       -3.234
        0.207       -2.463       -2.940
       -0.051        3.560        1.289
        2.177       -1.764       -1.789
       -3.135       -1.053        0.671
        0.301        2.238        1.538
       -0.971       -3.371       -1.822
       -1.718       -3.037       -0.475
       -1.425       -0.307        2.513
        2.532       -1.547        1.710
       -2.898        1.413        1.903
       -1.683        0.114        0.648
        0.754        2.714        1.286
        1.047       -3.193        0.661
       -0.417        1.147       -2.336
       -1.680       -0.813        2.053
       -1.033       -2.065       -0.259
        1.958       -2.880        0.960
        0.836       -2.274       -0.088
       -1.903       -0.772        2.705
        1.590       -1.556        0.781
        2.977       -1.341       -0.252
        2.757       -0.413       -0.992
       -3.249       -1.962       -0.321
       -1.941        1.434        2.879
       -0.976       -1.392       -1.014
        2.484       -1.808       -0.020
        2.451        2.751       -1.560
       -1.339       -0.049       -1.205
       -1.362       -1.887        1.618
       -1.181        0.424       -3.169
       -0.516       -2.758        1.583
       -2.581        0.329        1.448
        0.140       -1.661        3.025
       -1.815        1.014        2.320
       -2.146       -0.383        0.882
       -2.010       -0.779        0.290
       -1.930       -2.358       -0.566
       -3.173        1.188        0.814
        0.473        1.551        1.630
       -0.200       -1.910        1.906
        0.548        0.362        3.656
       -2.268        2.387       -0.250
       -0.940        2.880       -1.970
        0.520       -2.224       -1.863
        1.418        3.405       -0.237
       -2.696       -0.329       -0.207
       -2.820       -0.160        1.009
       -0.323        2.057       -1.308
        3.026       -0.155        0.103
       -2.776       -2.384        0.884
        1.721        2.089       -2.449
       -1.430        0.476       -2.513
        0.407        2.502       -2.194
       -2.713        1.668        0.596
        0.047        2.663       -0.336
        0.321       -2.456       -0.534
        1.104       -2.027        1.008
       -2.003        1.691        2.247
        0.793       -1.069       -2.175
        2.330       -2.190       -2.357
       -0.579        0.631       -0.344
       -3.626       -1.500        0.886
        1.711        1.148       -1.055
        0.635       -0.403       -2.244
       -0.718       -0.904       -0.577
       -0.586       -1.580       -2.903
       -1.966       -1.043        0.963
        0.233        0.030       -1.027
        2.896       -0.674        2.048
        1.231        0.688       -0.829
        1.006       -2.936        0.008
        0.213       -2.319        0.686
       -2.415        0.841       -0.517
       -0.008       -2.580        2.027
        2.101        2.290        1.040
       -0.371        1.537        3.092
        0.832        1.523        3.349
       -1.652       -0.052       -2.967
        0.332        3.801       -0.642
       -0.002       -2.427       -2.275
        1.692        3.373       -0.878
       -2.104       -0.114        2.628
        3.788        0.250        1.623
       -1.417        0.612        1.097
       -0.553       -0.396       -2.557
       -0.533        2.821        2.229
       -1.229       -0.196       -2.422
        2.314        0.434        3.159
       -2.162       -1.161       -2.007
        1.345       -0.232        3.004
        0.607       -1.312       -0.832
       -1.570       -2.517       -2.458
       -0.368       -2.261       -0.391
       -1.256        0.840       -0.218
       -3.041        0.788        0.256
       -2.199       -0.115        0.236
        0.111       -0.616       -2.673
        1.930       -1.719       -1.127
       -2.561        0.202       -2.183
       -0.270       -2.796        0.901
       -0.462        0.359        2.728
        0.750        0.225       -0.598
        1.033       -2.020       -1.436
       -1.049        1.071       -1.542
        1.879       -1.357        1.854
        0.990        1.791        2.051
        0.590       -1.184        2.786
        3.233       -1.107        0.824
       -1.631        1.268        1.010
        2.420       -0.345       -2.725
        1.846        0.763       -1.612
        0.300        0.682       -1.784
        1.936       -0.680        1.094
       -1.100        0.434       -0.786
        1.510        0.951        0.266
        1.942        2.571       -2.004
       -0.386       -1.079       -2.470
       -1.380       -0.733       -0.474
       -1.865       -1.199       -0.237
       -2.387       -0.346        1.537
       -0.376       -0.287        0.398
        2.109        0.735       -2.277
       -1.514       -0.302        0.094
       -0.734        2.216       -1.862
        0.104        1.338       -1.911
        0.413        0.404        1.279
       -1.332        2.427        0.687
        0.150        2.524       -1.536
       -0.068        0.833        0.083
       -0.798        1.689        2.517
       -2.630       -0.848        1.112
        2.897       -1.964        0.519
       -3.061       -0.127        1.651
       -0.428       -2.235       -2.805
       -0.862        1.067        3.299
        0.724       -0.674        0.801
        2.592       -0.893        0.957
        1.184        1.118        2.148
        1.352        1.347        0.823
        0.165       -2.979        1.443
       -0.792       -0.891       -2.995
        2.050        0.192        2.120
        0.189       -0.482        3.374
        1.984        1.403        0.031
        0.899        0.857        1.055
       -1.040        2.654        1.791
       -0.733        0.258       -2.623
       -1.293        2.163        1.358
       -0.571        1.547       -1.742
        1.220       -0.204        0.598
        0.998        1.640       -1.576
       -2.721        0.900       -2.273
       -3.246       -0.795       -2.394
        1.853        1.796        0.608
       -0.940        0.921       -2.729
       -0.273        0.853        0.766
       -3.080        1.053       -0.396
        1.908        2.950        0.934
        2.171       -2.944        0.296
        0.063       -1.396        2.359
       -1.765        0.606       -0.644
       -2.231        2.132        0.394
       -1.839        0.613       -3.040
        0.335       -0.626       -3.328
       -2.759        1.020        1.356
       -1.113       -2.966       -1.253
        0.257        0.927       -2.434
        2.082       -1.214       -3.066
       -0.227       -2.539        2.660
       -1.445       -1.876       -0.794
        2.466        1.864       -0.171
       -1.086        1.338       -2.184
       -1.781       -1.710        1.069
       -1.935       -1.184       -2.661
       -0.494       -3.027        2.227
        2.356       -0.873        1.626
       -0.259       -0.433       -0.806
        3.135       -2.014       -0.136
        2.577       -1.942       -1.242
       -0.768       -0.507        2.387
       -3.318       -0.366        0.593
        0.175       -3.248        2.060
        1.655       -1.972       -2.211
       -2.567        1.239        0.050
       -1.739        1.556       -2.028
        3.573       -1.309       -1.018
       -1.475       -2.532       -0.029
       -1.342       -0.996        0.212
        2.426       -1.163        2.294
       -0.146        2.413        0.998
       -2.417       -1.639       -2.439
       -3.476        1.228       -0.954
       -3.803        0.356       -1.272
       -1.386        0.189       -1.865
       -0.955       -2.328        0.408
       -0.419       -1.864        2.591
        2.135        2.911        0.283
        1.031        0.472        0.518
       -2.658        0.322       -0.960
       -0.526        2.713       -1.417
        2.205        1.608       -1.280
       -1.646       -0.946       -1.559
        3.252       -0.192       -0.566
       -1.469       -0.733       -2.869
       -3.785        0.097       -0.627
        0.495        0.005       -1.701
       -0.140        1.486        2.429
       -1.641       -2.125        0.502
       -3.288       -1.692       -0.981
        1.325       -2.831       -2.527
        1.304        2.786       -1.880
        0.405       -0.639       -0.942
       -0.121       -0.723        2.263
        1.555       -0.269        2.325
        1.377       -3.345       -1.250
        2.517        2.519       -0.919
       -0.027       -0.454       -1.486
       -2.077        1.712       -0.156
        2.721        1.842       -0.831
        1.923        0.228       -0.315
        3.517        0.323       -0.111
       -2.807       -1.219       -1.218
        0.789       -1.988       -0.758
        1.604       -1.713       -2.844
        2.453       -1.541       -0.688
       -0.403        0.874       -1.683
        3.168        0.473        1.759
        0.268       -1.267       -2.590
        0.859        2.034       -1.036
        2.309       -1.128       -0.132
        0.534        1.185       -1.352
        1.852       -1.615        0.103
       -0.796       -1.826       -1.566
       -0.902        0.670       -2.097
        1.899        0.478       -0.956
       -2.985       -0.532       -1.310
        1.701       -2.232       -1.548
        1.295       -0.594       -2.390
        0.383       -1.131        3.437
        0.505       -1.174        0.373
       -0.563        2.195        2.940
        2.744        1.673       -2.050
       -1.399        0.354        1.753
       -1.738        2.589        0.160
        0.231        0.147        2.608
        0.046       -0.467        0.938
        0.814        3.363        0.529
       -1.808       -1.465        0.418
        2.148        1.116        3.050
       -1.167       -0.451       -1.791
       -0.332       -1.344       -1.811
       -2.465       -2.287       -1.636
        1.248       -0.329       -3.043
       -3.629       -0.591       -0.521
        3.536        0.938       -0.858
       -0.306       -0.427       -3.211
        1.492       -2.477       -0.215
       -2.340       -0.760       -1.429
       -2.544       -1.026       -0.126
       -1.077       -3.224       -0.593
       -0.386       -3.419       -0.712
       -0.199        1.781        1.741
        0.048       -2.939       -0.957
       -0.784        3.539       -0.309
       -0.621        1.045        2.643
       -1.553        0.869       -1.966
        2.246       -0.605       -1.425
       -1.904        0.006       -2.280
        0.422        1.315       -0.143
       -0.346        3.357        0.256
       -0.554       -1.589       -0.491
       -0.530       -0.679       -1.897
       -0.677       -0.258       -1.341
        1.944       -0.805       -2.519
        1.934        1.787        2.973
       -0.328        2.178        2.292
        0.529       -2.479       -1.200
        0.976       -0.721        0.150
        2.081       -2.419       -1.012
        0.592        3.383        1.198
       -2.936        2.575       -0.140
        1.919       -0.557       -3.145
        0.759        3.599       -0.116
        2.130        2.062        1.689
        1.519       -2.736        0.419
       -0.248       -0.303        2.835
        1.268       -1.384        2.651
        1.813       -0.409       -1.967
       -2.742        1.922       -0.050
        1.506        0.005        1.681
       -1.843       -2.329        1.860
        2.624        0.024       -0.438
        0.475        0.276       -2.357
        2.835        0.543        0.012
        0.852       -0.682        3.213
       -1.057       -0.760        1.293
       -0.639       -3.643        0.582
        1.897        1.436       -2.377
        0.696       -2.890       -1.767
       -1.156        0.822        2.212
       -1.427        1.503       -0.294
        1.166        2.022        0.726
        1.509       -1.527       -1.634
        2.712       -1.299        0.412
       -1.873       -0.128        1.978
        3.547        0.038        0.528
        0.828        2.450        1.950
       -0.626        0.906       -1.006
       -0.593       -1.191        2.482
       -0.196        0.864        3.168
        1.003        2.695        0.638
       -1.093        1.486        1.432
        1.138        2.263        0.060
        2.494       -0.594       -2.093
        2.631       -2.192       -0.577
       -1.491        2.810        1.274
       -3.662       -1.232        0.241
       -0.644        3.127       -0.869
        2.648        2.097       -1.498
       -0.718        1.041        0.207
        1.598        1.842        1.272
        1.420       -2.035        2.726
        1.606        2.732       -0.160
        0.115        2.918        1.443
       -2.991        0.508        0.921
       -0.026       -1.383       -0.050
       -1.972        2.365        1.482
       -0.142        3.340       -0.420
       -0.226       -0.696       -0.155
        2.388        0.947       -1.195
       -3.259        1.724       -0.503
       -0.789        2.469       -2.512
        0.768        1.796        2.712
       -2.450        3.027       -0.350
       -0.499       -1.856        0.180
        2.942       -1.075       -0.889
       -0.125       -3.206        0.353
        1.424       -1.026       -2.927
       -2.345       -0.467       -2.073
        0.703       -1.840        0.472
        0.352       -0.257        2.019
        2.536       -0.607        0.299
        2.753        0.512       -2.402
        0.970        0.492       -1.924
        3.452       -0.603        1.250
       -1.455       -1.628       -1.465
       -1.102       -2.027       -2.684
       -0.304       -3.556       -1.937
       -1.275       -2.570       -0.710
