        1.336        1.866       -1.172
       -1.746       -0.458       -1.967
        1.007       -1.059        0.631
       -2.175        0.974        1.372
        0.598       -2.005        1.658
        1.726       -0.499        1.984
       -1.692        1.055        0.280
        1.611        0.246       -0.714
       -1.600       -0.971        1.382
        2.027        0.162       -1.260
       -1.087        0.674        0.999
        0.465        2.090       -1.568
        0.535       -0.510        0.588
       -0.777       -1.803        1.983
        0.657       -0.463       -0.485
       -1.352       -0.777        1.987
        0.743       -0.696        1.189
       -0.630       -1.526       -0.361
        1.213        0.877        0.876
       -1.160        2.141        1.952
        2.300       -0.879       -0.873
       -1.113        0.423       -0.765
        0.582       -2.155        0.032
        0.039        1.934       -0.720
        1.265       -1.151       -2.166
        0.726        0.733       -0.574
        0.518        0.144        2.151
       -1.442       -0.771        0.418
       -1.183       -2.214       -1.915
        0.382        1.353       -0.638
        0.638       -0.883       -2.169
       -0.610       -0.903       -2.178
        0.590       -0.177       -2.286
        2.411        0.658        0.698
       -1.621        0.521        2.077
       -2.535       -0.442        0.779
       -0.769        1.022       -0.710
       -1.818       -1.928       -0.155
       -0.927        0.643       -3.017
       -0.267       -0.356       -2.876
        1.395        1.434        1.265
        0.752       -2.378        1.086
        0.112        1.356       -2.444
        0.987        1.183        1.775
        1.643       -1.517       -0.434
        1.352        0.909        0.177
        1.374        2.420       -0.158
       -1.406        1.327        0.943
        1.968       -0.930        1.395
       -0.601        1.995       -0.438
        1.228        1.868       -0.502
       -0.219       -0.998       -2.771
        0.118        0.340        2.666
       -1.529        0.822       -2.017
        0.548       -1.407       -0.435
       -2.550       -0.773       -0.949
        0.268        1.326        0.060
        0.380       -0.614       -2.816
        1.040        1.884        0.856
        0.098        0.785       -0.353
       -0.854        1.193        1.394
       -2.217        1.457       -0.431
       -0.432       -2.634        0.972
       -0.549       -0.872       -0.579
       -0.510        2.554        0.643
        1.388       -0.755        0.134
        2.336        1.612        0.001
        1.525       -1.146        1.912
        0.151       -1.658        1.320
        2.482       -0.229       -0.839
        2.545        1.174        1.103
       -1.785        1.636       -0.923
        2.339       -1.714        0.291
       -0.508        0.572        1.439
        1.516       -0.664       -1.526
        1.367        0.004       -1.318
        2.698       -0.422        0.369
       -1.061        2.637        0.166
        0.856        1.528       -1.529
       -0.946        2.582       -0.519
        1.875        1.110       -1.951
       -0.817       -1.142        2.178
        1.999        0.463       -2.187
        0.249        0.679       -2.711
        2.145        0.939        1.644
       -1.449        2.244       -0.825
       -1.058       -2.442        1.117
       -0.681        1.811       -1.644
        1.759       -1.579        1.350
       -2.045       -1.365        1.721
       -0.486        0.006        2.697
       -2.779       -0.693        0.159
        2.530       -0.021        0.973
       -1.872       -1.187        0.777
       -0.086       -1.569        0.448
       -0.907       -1.713        1.303
        1.268       -1.106        1.282
       -0.294       -0.073        1.581
       -0.455       -1.289        0.985
        1.879        0.806       -1.032
       -1.208       -1.907        0.714
        1.498       -0.442        1.344
        2.296        0.729       -1.584
       -0.755       -1.502        0.340
       -1.245        2.055       -0.219
       -1.864        0.346        1.434
       -0.401        2.577       -0.057
       -0.839       -1.342       -2.643
       -0.116        1.660        2.216
       -0.065       -0.822        0.641
        2.186       -0.453       -1.475
       -0.538        1.406       -2.209
        0.200       -2.641        0.704
        1.520        1.458        0.577
        1.391        0.748       -2.287
        1.326        0.442        2.632
        1.187       -0.368        0.704
       -1.241       -0.861       -0.697
        1.244       -2.429       -0.015
        0.882        0.107       -0.794
        0.019        1.028        2.443
       -2.008       -2.010        1.565
        1.640       -1.079       -0.997
       -1.366        1.033        2.427
        0.666        2.504        0.819
       -0.340       -2.841        0.347
       -1.702       -0.968       -0.202
        1.738       -0.103       -1.895
       -1.493       -0.695       -1.356
       -1.128        2.537        1.393
       -1.693       -1.933       -0.856
       -0.042        0.131       -2.377
        0.530       -1.507        0.252
       -1.173       -0.564        1.011
        1.349        0.200        1.104
        1.088       -1.743       -1.595
       -1.570        1.458       -0.270
        1.320        2.408        0.578
       -0.991        1.232       -1.358
       -0.718        1.322        2.384
       -2.073        1.331        0.807
        1.679       -0.853        0.753
       -2.564        0.873       -0.479
       -0.277       -0.003       -1.189
       -0.409       -0.722        1.836
        1.172       -0.129        2.279
       -1.351        1.816       -1.416
        1.133        0.209       -1.991
       -1.658        1.209       -1.476
        1.465       -1.552        0.736
        2.282        0.403       -0.613
        0.287        0.264        1.484
       -0.363       -1.977        0.918
       -0.495       -0.625        1.145
        0.396       -1.287       -2.642
       -0.792       -0.218       -0.692
       -1.441       -2.416        0.402
        0.032        0.602       -1.517
       -2.038       -1.439       -0.610
       -1.903        2.068       -0.346
        0.863       -1.675        1.093
        0.935       -0.035        1.614
        1.424        0.894       -0.498
        1.556       -0.061        0.195
       -1.324        1.683        0.375
       -0.851       -2.645       -0.724
       -0.065       -2.227        0.250
        2.623        0.554        1.349
        1.828       -0.790       -2.094
        0.814       -0.346       -1.639
       -0.211        0.197       -0.001
        1.549        1.966        1.684
       -0.844       -1.983       -2.469
       -0.556        0.851       -0.073
       -0.051        2.090        1.650
        1.838       -0.849       -0.377
        0.656       -1.554       -2.063
       -0.450        0.972        0.875
       -1.487        0.911        1.496
        0.605        1.722       -2.123
       -0.475        0.220       -1.811
        2.362       -0.682        0.885
        2.247        0.308        1.865
       -0.856       -0.012       -2.922
        1.129        1.737        2.166
       -2.666       -0.325       -0.426
        1.653        1.486       -0.096
        0.051       -0.937        1.344
       -1.364       -0.106        2.138
        0.219        0.370       -0.890
        1.588       -2.195       -0.549
       -2.124       -1.308       -1.251
        2.751        1.171       -0.315
        0.322       -1.430       -1.471
        2.151       -1.366        0.839
        2.700        0.003       -0.215
       -1.859       -0.509        0.929
       -0.485        1.597       -1.044
       -0.686        0.447       -2.422
        0.931        1.312       -0.195
        2.045       -0.192       -0.328
        0.422        0.159       -0.261
       -0.720       -2.280        0.434
        0.114       -2.382       -0.432
        0.539        1.923       -0.255
        0.355       -1.982        0.767
        0.721        1.277        1.160
       -0.388        1.408        0.312
        2.136        1.348       -1.330
        1.087       -0.581       -1.010
       -1.363        0.438       -2.548
        2.156       -1.936       -0.338
       -0.316       -1.056        0.053
        0.701        0.307       -1.434
        0.441       -2.538       -1.102
       -2.267       -0.245        1.417
       -1.562        2.653       -0.276
        1.005       -2.001        0.513
        1.215       -0.476       -2.171
       -0.251       -1.447        2.355
        0.836        0.630        1.389
        1.737        0.693        2.154
       -0.567        2.164        1.212
        0.112        2.509        0.404
       -0.562       -2.256        1.558
        0.668       -0.892        0.026
       -0.009       -0.557       -2.263
       -0.266        1.402       -0.404
       -1.143       -1.959       -0.006
       -0.664        0.439        0.499
        0.312       -1.131        2.644
        0.309       -2.804        0.056
        1.177       -1.436        0.077
       -0.343       -0.190        0.561
        1.062        0.541        2.030
        0.113       -0.306        1.083
       -0.234        1.516        1.262
       -0.065        0.340        0.916
        1.707        1.479       -0.804
       -2.413       -0.942       -0.312
       -2.723        0.538        0.153
       -1.758        0.725        0.870
       -0.994       -1.798       -1.464
       -0.324        1.204       -1.600
        1.645        1.353        1.920
        0.504        1.974        2.060
       -0.282       -2.028       -0.824
       -0.820        2.201       -1.085
        0.173        1.572       -1.277
        0.988       -0.897       -2.725
       -0.452        0.391       -0.609
       -2.433       -0.083        0.168
        0.171       -0.056       -1.752
        0.028       -1.254       -2.092
       -1.291       -0.922       -2.318
       -1.149       -1.228        0.852
        0.720        0.048        2.775
       -0.836       -0.681       -1.217
       -1.193        1.860        1.360
       -1.862        1.568        1.449
        0.100       -0.439        0.069
       -0.966       -0.015       -1.328
        0.956        0.865       -1.759
       -1.657        2.316        0.291
       -1.408       -2.412       -0.465
       -0.752        0.047        1.055
        0.411       -1.654        2.188
       -0.678        1.985        2.386
        2.024        1.060        0.279
       -0.592       -1.578       -2.002
        0.044        2.509        1.093
        0.304        2.489       -1.000
       -1.800        0.407       -0.904
        0.162       -0.327        2.816
       -1.286       -0.391       -0.170
       -1.360        0.444        0.367
       -1.302       -0.256       -2.473
        0.885       -1.217        2.231
       -1.702       -2.284        1.044
        2.049       -0.574        0.251
       -1.034        1.042       -2.501
       -0.502        0.642        2.567
       -1.244        0.845       -0.216
       -0.590       -0.399       -0.048
       -1.041       -0.153        0.442
        1.806        2.049        0.291
        1.877       -0.188        0.825
       -0.118        0.447        2.039
        2.923        0.565       -0.567
       -0.583        2.445        1.833
       -0.811        1.608        0.870
       -2.140       -0.671       -1.488
       -0.712        0.135        2.062
       -0.174        1.935        0.707
        2.204        1.588        0.694
        0.532       -0.977       -0.989
        0.569        1.372        2.321
       -0.308        1.100        1.840
       -0.034       -2.431       -1.569
       -0.182        2.160       -1.332
       -0.996        1.081        0.441
       -2.134        0.131        0.819
        0.822        1.295        0.486
       -0.530        2.827        1.257
       -2.252       -1.621        1.104
        0.713        0.018        1.007
       -0.973       -2.688       -0.037
       -0.173        0.797       -2.132
       -2.442        0.449       -1.059
       -2.279        0.016       -1.590
        1.598       -1.338       -1.632
        0.316       -2.996       -0.588
       -0.390        0.991       -2.775
       -1.988        0.619       -1.515
        0.752        2.489        0.131
        0.372        1.900        1.126
        0.367       -0.415        1.693
       -0.179       -2.713       -0.952
       -2.533       -1.115        0.663
       -1.319        0.606       -1.389
       -2.141       -1.388        0.134
       -0.099       -0.224        2.208
       -0.628        0.602       -1.272
        2.020        0.368        1.229
       -1.153        2.205        0.748
        1.006       -0.227       -2.796
        2.888        0.239        0.426
       -1.739       -1.165       -1.792
       -0.730        2.033        0.246
       -1.628       -0.028       -1.454
       -1.571       -1.648        1.209
       -1.369       -1.495       -0.452
        1.491        0.769        1.499
        0.837        2.458       -0.556
       -0.309        2.531       -0.748
       -1.976        1.684        0.206
        1.307       -0.759        2.435
       -0.553       -2.194       -0.250
        0.597       -0.528        2.340
        2.543        0.641        0.009
       -1.341       -2.131        1.640
       -0.517       -2.243       -1.956
       -1.486       -0.211       -0.817
       -0.334       -1.118       -1.535
        1.592       -1.789       -1.074
        0.436        0.811        1.940
        0.091       -1.926       -2.030
       -0.133        0.981       -0.970
       -1.157        0.199       -1.955
       -2.450        0.774        0.743
       -0.830        0.818       -1.879
       -1.672       -1.791       -1.553
        2.385        1.593       -0.722
       -1.473       -1.439        0.265
       -0.750       -1.367       -1.013
       -0.046        1.778       -1.906
       -2.147        1.059       -0.985
        0.108        0.892        1.326
        0.367        0.058       -2.899
       -1.092        2.869        0.805
        0.900        1.827        1.547
       -1.460        1.037       -0.866
        0.543       -2.092       -1.569
        0.479        1.925        0.444
       -0.746       -0.778        0.528
        2.543        0.982       -0.939
       -0.616        1.728        1.766
        1.192        0.677       -1.091
        1.531        0.083       -2.510
       -2.009       -0.707        1.876
        1.025        1.343       -0.875
       -1.905       -0.783       -0.835
       -1.779        1.936        0.863
       -0.123       -0.679       -1.063
        0.224        2.526       -0.316
       -1.654        2.596        0.965
        2.333       -1.307       -0.288
        1.113        1.872        0.189
        1.008       -1.463       -0.977
       -1.123        0.419        2.518
        1.708        2.006        0.972
        0.256       -0.762       -1.603
       -1.447       -1.331       -1.138
        2.680        0.372       -1.185
        0.156        1.327        0.739
        0.535        0.709        0.773
        2.054        1.583        1.395
        0.683        0.708        2.577
        1.842        0.071        2.348
        0.104       -2.350        1.314
       -2.129       -0.730        0.298
        1.949       -2.010        0.809
       -1.330       -2.353       -1.233
       -0.907        1.442       -0.150
        0.568        2.419        1.507
        0.418       -0.259       -1.108
       -0.944        0.192       -0.159
        1.748        0.488        0.589
        2.395        0.093       -1.801
        1.840        0.498       -0.089
       -2.341        1.091        0.156
        0.400       -1.880       -0.907
       -0.801       -0.483        2.334
        0.702        1.930       -0.958
        2.526       -0.658       -0.256
       -0.254       -1.797       -1.433
       -2.223       -0.172       -0.947
        0.653        0.713        0.106
       -0.073       -1.973        1.894
        1.929        2.030       -0.360
       -0.237       -1.649       -2.567
        2.254        0.085        0.307
        0.550        0.951       -1.192
       -2.048       -0.009        2.010
       -2.055        0.483        0.221
       -1.188        0.278        1.580
        1.020       -2.160       -1.048
        0.636       -1.254        1.586
        1.857       -1.254        0.215
        0.781       -2.486       -0.525
        2.183       -1.124       -1.470
       -1.823        0.235       -2.086
       -0.871       -0.678       -2.804
       -1.360       -1.464        1.805
        1.376       -2.100        1.148
        0.407       -1.228        0.851
       -1.909       -1.888        0.557
        1.483       -2.473        0.583
        1.031       -0.696        1.808
        0.887       -0.221        0.090
       -1.617        0.233       -0.271
        1.887        1.053        1.002
       -0.659       -2.374       -1.296
       -0.920        0.787        1.980
       -1.441        0.067        0.946
        0.138       -0.877       -0.440
        1.581       -0.615       -2.683
        0.198       -0.992        2.032
       -0.623       -0.222       -2.327
        1.348       -0.329       -0.437
        2.096        1.046       -0.408
       -1.167        1.422       -1.981
       -0.378       -0.460       -1.680
       -1.913        0.846       -0.354
       -1.717        2.210        1.506
        0.338        0.126        0.429
        0.012       -1.716       -0.226
        0.315        1.164       -1.834
        1.135       -1.015       -0.463
        0.289        1.461        1.696
        1.452        1.235       -1.413
        2.509       -1.069        0.316
        2.153       -1.541       -0.883
        1.166        0.343       -0.207
       -0.082       -0.221       -0.545
        0.923       -1.032       -1.549
       -2.265        0.619        1.915
       -0.943       -0.349        1.630
       -1.713       -0.153        0.324
       -0.978       -2.867        0.598
       -0.933       -1.040        1.481
       -0.298        0.372       -2.967
        2.149       -0.271        1.498
       -2.798        0.185        0.727
        1.175       -1.665        1.717
       -1.266        1.721        2.487
       -1.780        1.830        2.058
        1.059        0.315        0.482
       -1.240        1.431        1.895
       -2.516        0.366        1.325
       -0.074        1.971        0.009
       -0.032        0.771        0.366
        0.892        0.416       -2.586
        1.249        1.084        2.405
       -0.329       -1.385        1.692
        1.240        1.399       -2.066
        1.771       -0.407       -0.926
       -1.880        1.166        1.994
        0.455        0.480       -2.069
       -1.019       -1.020       -0.056
        1.206        2.395        1.243
        1.605        0.122        1.740
       -1.995       -0.330       -0.305
       -0.987       -1.980       -0.772
        0.828       -2.662        0.476
       -1.600       -0.298        1.537
        0.729        1.058       -2.368
        2.676        1.181        0.406
       -0.333       -2.880       -0.325
        1.623        0.564       -1.641
       -2.300       -0.903        1.281
       -0.090       -1.358       -0.869
       -1.048       -1.133       -1.693
       -0.246       -0.805        2.534
        1.663       -1.940        0.153
       -1.284       -1.587       -2.121
       -2.331        0.258       -0.394
       -1.077       -0.479       -1.847
       -1.117        1.664       -0.778
        1.021       -1.866       -0.422
