       -0.306        2.350        1.293
       -1.694       -0.372        0.058
       -1.196       -0.431        1.156
        1.858       -0.427        2.430
        1.809        1.030       -1.340
        1.384       -1.432       -0.847
        2.837       -1.225        0.246
        2.460       -0.581       -0.733
       -0.157        0.756       -1.599
        0.666       -0.272        0.984
       -0.961       -0.454       -0.614
        0.216        0.459       -0.118
        2.522       -0.556        1.201
        1.021       -0.696       -1.344
       -0.676        0.914        0.536
        1.886       -0.210       -0.654
       -0.505       -0.525       -0.058
       -0.103        1.105        0.851
        0.162        1.643       -0.811
        0.501        0.602       -2.618
        2.257        0.617        1.346
       -2.647       -0.284        0.144
       -1.779       -1.071        0.089
        1.230        2.047       -1.604
        0.188       -0.546        2.760
        0.601        0.213       -3.191
        0.341        1.255        2.977
       -1.055       -0.102       -0.012
       -2.488        0.446        0.875
       -0.944        1.883       -0.343
        1.777       -1.090        0.855
        0.366        2.918       -0.431
        1.963        0.415        0.426
        1.415        0.812        0.496
       -0.113        2.719        0.663
       -1.260        1.010       -1.134
        1.478        2.024        1.190
        1.943       -0.193        0.070
       -0.732       -1.195       -1.779
       -1.514        1.656       -1.143
       -1.042        0.993        1.146
       -0.192       -2.880        0.253
       -2.430        1.114        0.852
        0.598       -0.969        1.011
        0.288        2.501        1.626
       -1.676        0.338       -2.051
        1.379        0.459       -1.548
       -1.728        0.085        2.538
       -0.985        0.601        0.002
       -0.454       -1.906        1.687
       -1.309        1.623        1.210
       -0.923       -1.528       -1.164
        1.272       -0.095        1.292
        0.620       -0.352       -2.841
       -1.307       -0.779       -1.715
        0.869       -0.945       -3.134
        0.277       -1.298        0.452
        1.329        0.226       -0.586
        0.754       -1.717       -0.772
       -1.340        2.371        0.058
        1.904        0.668       -1.918
        0.985       -0.333        0.368
       -1.550       -1.457        0.621
       -0.633       -0.843        1.090
        1.898        0.709        1.992
       -1.648       -2.174        0.609
        0.251        2.230        0.258
        1.029        0.269        0.757
       -0.197       -0.185        0.504
       -0.164       -1.593       -1.841
        0.204        2.235       -0.458
       -1.941        1.420        0.476
       -0.891        1.878        0.346
       -0.762        2.535       -0.356
       -0.341        0.868       -0.057
        1.456       -0.742       -0.805
       -0.816        0.614        1.709
        0.022        0.429        2.572
       -1.738       -1.414        1.597
        0.275        1.641        0.619
        0.247       -0.904        1.631
        0.150       -0.256       -0.112
       -0.033        0.727        3.175
        0.760        1.504        2.102
        0.676        1.866       -1.196
        1.534        0.143        2.207
       -1.944       -2.481        0.039
       -0.276        1.072        2.665
       -0.470        0.559        1.101
       -0.129        0.162       -1.241
       -0.494        0.461       -2.733
        2.012       -0.550       -1.279
        0.028        0.620       -3.148
       -0.364        2.055       -0.073
       -1.353        1.897        1.853
       -0.746        1.167       -1.541
        1.128        2.061        1.854
        0.119       -2.229       -1.687
       -1.884        0.004       -1.449
       -1.279       -2.196        0.011
        1.086        0.867        1.096
        0.812        1.249       -0.152
       -1.979        0.399        1.975
       -0.015       -0.162        2.208
       -0.842       -0.472        0.543
        2.513        0.593        0.025
        2.018        0.991        0.811
        0.233        0.070        3.141
       -1.606        0.332        0.069
        1.276        0.820       -0.932
       -2.632       -0.966        0.895
        1.752        1.628       -1.682
        1.446        0.730       -2.456
        1.110       -1.039       -1.941
        0.785        1.497       -1.791
        1.960        0.064       -1.595
       -0.405        2.065       -0.759
        0.904       -0.313       -0.758
        1.496       -0.475        1.861
       -1.157       -2.556       -0.570
        0.936       -0.038        1.917
       -0.239        2.718       -0.741
       -0.464       -1.586       -0.628
        0.266        1.307       -1.396
       -0.660        1.520        0.907
        0.387        0.980        2.340
       -2.020        1.445       -0.253
        0.989        1.152        2.643
       -1.038        0.251       -2.317
        1.349       -0.370       -0.255
        0.646       -0.966       -2.471
       -1.785       -0.373       -2.023
       -1.566       -1.829       -1.116
        0.533        1.883        1.564
       -0.649        0.505        2.903
       -0.379        1.460       -0.421
       -0.431       -1.197       -2.929
       -0.178       -1.579        2.235
        0.353       -0.613        0.441
        2.393       -0.001       -1.062
        0.088       -2.194        1.967
       -0.349       -0.488       -2.931
       -1.361       -2.851        0.038
        0.728        0.629       -0.522
       -1.097       -1.863       -0.571
        1.220       -0.672        0.905
        0.088       -1.218        2.781
        2.510       -0.007       -0.353
       -0.274        1.109       -1.010
        1.308        1.685       -2.190
        0.748       -0.945        2.736
        0.112       -2.564        0.832
        1.104        1.454        1.482
        0.628       -1.357       -0.161
        2.065       -1.713        0.623
       -2.379       -2.072       -0.247
       -1.258        0.324        2.127
       -1.041       -0.039        2.691
       -0.528       -2.502       -1.601
       -1.323        0.651        0.619
       -1.361       -1.472       -1.703
        1.914        1.632       -0.245
        1.349        0.819       -0.240
       -0.705       -1.546        1.146
        0.105        0.754        1.436
        1.386       -1.593        1.873
       -0.544       -0.126        1.107
       -0.775       -0.120       -1.187
       -1.008        1.816       -1.567
       -1.984        0.369       -0.864
       -0.064       -1.259        1.056
        1.606       -0.162        0.669
        1.752       -0.448       -2.452
       -2.238       -0.673       -0.248
        1.341        1.452       -0.551
        1.372        2.055       -0.208
        0.434        2.885        0.286
        1.144       -1.398        0.934
       -1.047       -1.156       -0.576
        0.148       -0.268       -3.368
        0.474       -1.321       -1.897
        0.032       -1.252       -2.433
        2.516       -1.206       -0.384
        0.757        0.046       -0.187
        0.559       -2.050       -0.177
        0.624        0.615        2.897
        1.781       -1.085       -2.113
        1.883        0.995       -0.623
       -2.043       -0.292        1.997
       -0.132        1.977        1.870
       -1.914        1.071       -0.850
       -1.732        1.070        1.013
        0.601       -2.254       -1.184
       -0.424        0.168       -0.057
        0.890       -0.628        1.537
       -1.619        2.002       -0.550
       -1.057       -1.536        1.764
        0.842        0.892       -1.466
        2.579       -0.611       -0.036
        0.462       -2.616        0.198
       -0.117        0.493        0.498
       -1.418       -0.419       -1.134
        2.207        0.088        2.182
        2.551        0.023        1.591
        0.810       -1.358        1.541
       -1.004       -2.225       -1.172
        0.506       -1.536       -2.884
        2.896       -0.019        0.950
        0.723       -1.902        1.916
        0.468        0.680        0.819
       -1.937        0.972       -2.065
       -1.605       -0.745       -0.534
        0.175       -1.293       -0.699
       -0.055       -2.566       -1.073
       -1.400       -0.066        0.609
       -0.832       -1.898       -1.767
        1.440        1.417        0.867
       -2.042        1.355       -1.465
        1.425        2.058        0.493
       -2.095        0.026        0.456
        0.797        2.453       -0.123
        0.447        0.085        0.462
       -2.452        0.791       -1.182
       -1.547        1.032        0.050
        1.841        1.604       -0.974
        2.284       -1.760       -0.718
        1.681        1.065        1.417
       -0.943        2.439        1.586
        2.419        1.206       -1.026
        2.115       -1.113        1.464
       -0.221        0.795        2.029
       -0.514       -2.253       -0.635
       -0.487        1.432        2.101
       -2.715       -0.973        0.161
        0.709       -0.659       -0.177
       -0.783        0.236        0.575
       -2.564       -0.254        0.879
       -0.848       -0.826       -1.182
        0.514        2.146        2.196
        0.568       -0.607       -1.885
        2.124       -1.140        0.244
       -0.832        1.546       -0.951
        0.309        0.100       -0.712
       -0.566       -1.221       -0.056
       -2.091        0.730       -0.244
       -0.861        0.864        2.363
       -1.967       -0.729       -1.459
        1.711        1.665        1.782
        0.763        1.851       -0.487
       -2.010        0.722        0.459
        1.022       -2.316       -0.623
        1.341        1.097       -1.890
       -1.756       -2.169       -0.548
        1.552        0.741        2.592
       -2.210        0.773        1.404
        0.158        1.336        1.790
        0.097        0.135        1.053
        0.206        1.917       -1.757
        2.448        0.596       -0.717
        0.863        0.279       -1.127
       -0.036        0.400       -2.191
       -0.240        0.183        1.665
        0.210       -1.988        0.439
       -1.896       -0.352        1.037
        1.144       -0.405        2.481
       -0.669       -0.496       -1.779
       -2.538        1.144       -0.572
       -0.356       -0.118        2.833
       -2.174       -0.661        0.477
       -1.327       -1.825        1.171
       -1.057       -2.562        0.577
       -0.308        1.632       -2.568
        1.404       -1.650       -1.799
        1.983        1.618        0.459
       -1.583       -0.021        1.582
       -0.051        1.004       -2.552
        1.559       -0.736        0.297
        1.645        0.451        1.056
       -1.549        2.248        1.278
       -0.098       -0.854        2.223
        0.825        0.631        0.194
        0.940       -1.572       -2.349
        1.592       -1.099       -1.425
        0.503       -1.677        1.012
        0.388        0.336       -1.641
        0.081       -0.547       -2.401
        0.374        0.955       -1.984
        0.128        2.252       -1.160
        2.464       -1.169        0.858
       -1.373       -0.383        2.145
       -0.917        1.285        0.003
       -0.679        0.583       -1.185
       -1.966       -1.058        1.032
       -1.804        0.333        1.031
        2.513        1.221        0.384
       -0.322       -0.518        1.655
       -2.173        0.034       -0.256
       -0.108       -0.896       -1.835
        0.771       -1.933       -1.774
        0.276       -1.652       -1.296
       -1.266        1.354        0.603
       -1.489       -1.097       -1.136
        0.133        1.623        2.423
       -0.491       -0.150       -2.345
        1.841       -1.470       -0.303
       -2.708       -0.276       -0.572
        0.062        0.057       -2.766
        2.177       -0.522        1.826
        2.033        1.621        1.159
       -0.278       -1.243       -1.242
       -2.549        0.438        0.181
       -1.081        2.186       -0.961
       -2.326        0.438       -1.799
        1.316        0.520        1.668
        2.375       -1.749        0.004
        0.328       -0.218        1.606
       -1.181       -1.132       -2.295
       -1.217       -1.498        0.012
       -0.931       -1.165        0.549
       -0.762       -1.166        2.292
        1.094       -0.988        2.085
        0.262        1.032        0.264
       -1.457        0.671       -0.523
       -1.993        1.707        1.110
        1.926        0.404       -0.286
        0.948        0.558        2.277
       -2.414       -0.276       -1.747
       -1.704        1.874       -1.756
       -0.199        1.366       -1.936
       -0.467        1.998       -1.963
       -0.558        2.349       -1.371
       -1.142       -0.779       -0.025
        1.786       -1.067        2.068
        0.525       -0.008       -2.248
       -0.855        1.468       -2.151
        0.852        1.233        0.551
        0.807       -0.367       -3.507
        1.389       -2.000        0.702
        1.662       -2.043       -0.626
        0.413       -2.246        1.369
        1.342        1.124        2.048
       -2.255       -1.381        0.473
       -2.355       -0.618        1.454
        0.687        0.327        1.373
       -0.004       -1.617       -0.105
        1.248       -1.998       -1.207
        1.421       -1.047        1.469
        0.827       -1.019       -0.787
       -0.571        0.226        2.259
       -0.358       -1.946       -1.243
        1.076       -0.446       -2.327
        0.246       -0.603       -0.713
        1.741       -2.044        0.072
        0.976       -0.079       -1.718
       -1.540        2.014        0.642
       -0.698       -2.846       -0.979
        0.352        1.556       -2.340
        0.712        2.455       -0.854
       -0.454       -0.793        2.835
        0.498        1.273        1.168
        0.927        0.530       -2.058
        0.657        2.441       -1.555
       -2.340       -1.373       -0.240
        0.433       -0.263       -1.290
        2.040       -1.133       -0.892
       -0.080        1.710        1.235
       -0.722       -2.590       -0.043
        1.190       -1.749       -0.228
        2.579        0.592        0.729
       -1.564        0.923        2.212
        1.057        0.148       -2.661
       -2.270        0.062        1.438
       -2.203       -1.729       -0.837
        1.702       -1.657        1.262
       -2.613       -0.610       -1.150
        1.278       -0.440       -2.993
        1.373        0.212        0.112
        2.867       -0.599        0.584
       -1.999       -1.769        1.039
       -0.228       -0.545       -1.241
        2.191       -0.566        0.589
       -1.263       -1.152        1.176
        0.477       -1.308        2.170
       -0.283       -0.871        0.498
        1.532       -0.501       -1.809
       -0.795        0.946       -0.597
       -0.325       -0.195       -0.639
       -2.629        0.445       -0.573
       -0.639       -1.892       -0.015
        1.179        0.188        2.829
       -1.154       -0.744        2.685
       -2.155       -1.048       -0.860
       -0.449        1.160        1.462
        0.230        1.629       -0.095
        2.550       -0.011        0.329
       -0.015       -0.209       -1.804
       -1.315        2.633        0.700
        0.889        1.821        0.917
        1.283        2.033       -0.912
       -1.830       -1.789        0.074
       -0.901        2.147        0.970
        0.027       -0.556        1.047
       -1.500        0.685        1.566
       -2.027       -1.430       -1.442
       -2.307       -2.068        0.450
        0.835        1.838        0.214
        0.730        1.779        2.737
       -1.125        0.276        1.173
       -0.896       -0.105        1.734
       -0.606        0.813       -2.138
       -0.732        2.804        1.007
        0.322        2.251        0.985
       -2.159        1.713       -0.881
        0.893        1.150       -2.419
       -0.723        1.797        1.560
       -0.305        1.716       -1.354
       -0.567        0.199       -1.769
        1.061       -2.002        1.329
        1.390        1.437        0.154
        0.732        0.915        1.706
        2.370        0.616       -1.401
       -0.435       -2.279        0.529
        0.744        2.091       -2.118
       -1.414        1.274       -1.751
       -1.754        1.322        1.681
       -0.136       -1.957        1.052
       -0.242        0.508       -0.644
       -1.370        1.359       -0.546
       -1.497        1.707        0.059
       -2.526        1.126        0.155
       -0.572       -0.852       -2.361
        1.103       -2.314        0.123
        1.507        0.118       -2.152
        1.825        0.421       -1.009
       -0.408       -1.205        1.686
       -0.076       -2.302       -0.110
       -0.348       -1.572        0.516
       -1.326        0.589        2.784
        1.349        1.699        2.400
       -2.523        0.087       -1.192
        0.381       -0.950       -1.311
       -0.153        2.718       -0.050
       -0.635       -1.557       -2.358
       -0.406       -0.881       -0.659
        0.194       -0.860       -3.010
        1.826       -0.516        1.225
        1.945        1.002        0.078
        0.392       -2.609       -0.522
        0.793       -0.358        3.068
       -1.680       -1.438       -0.535
        0.726        1.252       -0.850
       -0.294        2.060        0.658
       -0.319        1.459        0.303
       -0.347       -2.157       -2.193
       -1.297        0.915       -2.335
        0.540       -0.591        2.173
        1.503       -1.427        0.305
       -2.777       -0.967       -0.580
       -1.783        0.697       -1.454
       -0.658       -0.477        2.260
       -1.078        1.249        1.781
       -1.426       -1.085        2.140
       -0.716        2.540        0.345
        0.294        0.708       -1.054
        0.571        0.008        2.540
        0.359        0.391        1.975
        1.874       -1.711       -1.253
       -2.063       -0.329       -0.861
       -1.152        0.629       -1.721
        2.465        1.209       -0.333
        0.893        2.428        1.303
       -1.133       -0.438       -2.309
       -0.977       -0.808        1.717
        0.766       -2.299        0.735
        1.949       -0.797       -0.299
       -1.514       -0.029       -0.527
        0.937       -1.027        0.394
        0.932       -1.399       -1.361
        0.275       -1.865       -2.300
        0.190        1.047       -0.459
       -1.332        0.287       -1.128
       -0.982       -1.867        0.572
        0.861       -1.726        0.382
        1.254        1.429       -1.258
       -1.485       -0.766        0.627
        0.862        2.443        0.614
       -1.656       -0.718        1.592
        1.274       -1.084       -0.249
        2.200        0.014        0.974
       -1.216       -0.084       -1.723
       -0.888        0.239       -0.602
        0.163       -1.613        1.620
       -0.781       -2.251        1.139
        1.335       -1.044       -2.599
       -0.737        1.120       -2.729
        0.116       -1.999       -0.709
        1.866        0.094        1.603
        1.436       -0.144       -1.189
       -0.240       -2.875       -0.459
        0.074       -0.930       -0.123
