       -0.820       -0.703       -1.768
        0.482       -0.082        0.936
        0.201       -2.511        0.055
       -2.102       -0.474       -1.200
       -0.832       -2.466        1.889
        0.891       -1.221        0.748
       -0.623        2.303        0.769
        1.898        1.442       -0.033
        0.785        0.744        1.750
       -1.223       -0.343        2.799
        0.008        2.192       -0.239
       -1.117        0.345        2.869
        2.603       -1.168        0.186
       -1.924        0.992        1.653
        2.004       -1.069        1.219
       -1.146       -0.653        2.173
        1.072       -0.837        0.201
        2.556        0.112       -0.437
        0.001        0.031        0.410
        1.022       -1.837       -0.522
       -1.939       -0.025        0.941
       -0.983        1.750        1.768
        0.167        0.814        2.784
        0.615       -0.299        2.619
       -1.204       -2.657        0.760
       -1.355        0.884        0.150
       -1.758       -0.656       -0.322
       -0.233       -1.372        0.218
        0.219       -1.468        0.781
        1.057        0.774       -2.559
        2.570       -0.554       -0.112
       -1.860       -0.336        0.315
       -1.257        0.583       -0.469
        0.322        1.506        0.912
        1.141       -0.761        2.502
        2.646       -1.473       -0.399
       -0.701        2.636        0.137
       -0.646       -2.088        1.355
        0.056        0.333       -0.542
        0.364        1.221       -0.933
        0.723       -0.592        2.015
       -1.513       -0.497       -2.731
        0.615       -1.262        1.933
       -0.201       -0.360        0.958
        0.433       -1.114        0.224
        0.582       -1.744       -1.049
       -0.235        1.023       -1.718
        0.738       -1.044       -0.959
       -2.320       -0.850       -0.689
       -0.882       -0.600        0.976
       -0.453        1.695       -1.718
       -1.009       -0.060       -0.490
       -0.066        0.685       -1.123
       -1.610       -1.262       -1.564
       -0.171       -1.240        2.580
        0.715       -0.414       -1.257
        1.157       -0.521       -0.759
        2.073       -0.773        0.310
       -1.408        0.908       -1.061
        0.186       -0.152        2.097
       -0.547        0.448        0.502
       -0.554        2.023       -1.089
        0.110       -2.278       -1.635
       -2.569        1.107        0.673
        0.654        2.290        1.741
        1.652        0.335       -1.485
       -2.186       -1.380        0.802
       -0.364       -0.169       -0.753
       -1.617       -0.271       -2.103
       -2.188       -0.134       -0.599
        2.186       -0.092       -1.582
       -2.212       -0.160       -1.795
       -0.065       -2.058       -1.029
       -0.196       -2.232        1.889
        0.007        0.374       -1.748
       -0.786       -2.768        1.280
        0.101        1.890       -0.898
       -1.321        0.611       -1.694
        1.863        0.490        1.248
        1.801       -1.453        1.754
       -0.863        1.153       -0.687
        0.200        1.572       -1.524
        1.008        1.067       -0.756
        1.406       -1.660        0.651
       -1.682       -0.975       -0.945
       -0.979       -1.414       -1.849
       -1.333       -1.134       -0.019
       -1.556       -0.274       -0.862
       -0.486       -0.872       -0.848
        0.151        2.075        2.147
        2.073        1.166       -2.213
       -0.137        2.811        1.010
       -0.831        0.867       -2.546
        2.334       -0.236        1.984
       -1.111        0.256        0.124
        2.588        0.395       -1.350
       -1.680        0.054       -1.449
       -1.068       -0.037       -1.723
        0.483        0.875       -0.327
        0.669       -1.613        1.297
        0.630       -0.733       -0.323
       -1.088        1.505       -2.460
        0.858        1.427       -1.346
       -0.519       -1.414        1.428
       -0.148        0.698       -2.350
       -1.119       -1.962        0.833
        0.254       -0.477        1.495
       -1.960        0.699       -1.440
       -2.658       -0.603        1.093
       -0.714        0.820       -0.095
        2.496       -0.221        0.498
        0.081        0.148        2.737
       -2.051        1.033       -0.816
        1.060       -0.222       -0.131
        1.815       -1.899       -1.145
        0.765       -1.909        0.668
        0.354       -0.790        0.849
        0.917       -1.029       -2.496
       -0.333        1.674        0.740
        1.029       -1.431        2.445
       -2.480       -0.218        0.516
       -0.485       -0.438        2.165
        0.271        0.541        2.173
        2.454        1.040       -0.148
        0.525       -2.402       -1.151
        2.333        1.905        0.176
       -0.573       -0.569       -0.210
       -2.051        0.578        2.195
       -1.742        0.105       -2.651
       -2.167        1.356       -1.442
       -1.665        0.126        2.516
        2.190        0.511       -1.913
       -1.623       -1.171        1.168
        1.223       -0.197       -1.681
        1.332       -0.511       -2.299
       -0.273       -2.398       -0.441
       -1.835        2.197       -0.972
        0.315       -1.808        0.143
       -1.243       -1.458       -0.633
       -0.093        0.340        1.015
       -2.532        0.825        0.044
        1.439        1.595       -0.551
        0.890       -0.367       -2.793
        0.248        1.789        1.523
       -1.296       -0.140        0.654
        0.066       -0.851        2.071
        0.043       -1.302       -0.919
        0.017       -1.874        1.341
       -1.017       -2.281        0.215
       -0.822       -1.454        2.587
        2.093        0.200       -0.930
       -1.669        1.852        0.819
        1.384       -0.311        2.004
        0.951        0.768        0.202
        2.348        1.317        0.507
        0.844        1.714        0.491
        0.664        2.388        0.536
        0.927       -0.212        1.459
       -0.206        1.292        1.329
       -1.299       -1.346        2.103
        0.806       -1.351       -1.599
       -2.253       -1.087        1.412
       -1.880       -1.361       -0.354
       -0.640        0.781        1.091
       -0.671        0.514       -1.936
       -2.252       -1.174       -1.273
        0.916        0.424        1.112
        2.279        1.026        1.432
        1.544       -0.949        0.717
       -1.078       -0.959        1.557
        1.231        1.260        1.970
       -0.026       -0.551        2.672
       -1.176        0.564        0.736
       -1.375        1.233        2.013
        1.224        1.866        1.637
        1.283       -1.034        1.915
       -1.400       -0.917       -2.127
        1.744        2.036        1.220
       -0.145       -1.711       -0.399
        1.836        1.124        0.919
       -2.465        0.512       -0.619
        0.946        1.102       -1.969
        1.102        0.751       -1.367
       -0.058        0.656        0.055
       -0.650        0.545       -3.106
        1.973        1.154       -0.640
       -0.457       -0.103       -3.155
        0.704        2.063       -0.101
       -2.111       -1.721        0.209
        1.152       -1.702        1.825
       -1.302        2.439       -0.627
        0.360       -0.646       -2.452
        1.511       -1.961       -0.020
       -0.181        1.002       -0.525
       -1.042        1.797        0.563
       -2.065        0.308        1.555
        1.741        1.449        1.553
       -1.212       -0.466        0.041
       -0.602       -1.550       -0.911
       -2.590       -0.895        0.492
       -0.423       -1.737        0.812
       -1.971        1.001        0.411
       -0.278        0.977        2.239
        1.272       -2.352        0.564
        1.193        2.234       -0.544
       -0.754        1.125        1.750
       -2.199        1.620        0.465
        2.413        0.072        1.127
       -2.750        1.468       -1.133
        0.531        2.413       -0.691
       -0.531       -1.862       -1.522
        2.445        1.356       -1.086
        0.120        0.046       -2.402
       -1.142       -1.777       -1.259
       -0.774        0.882       -1.320
        1.372        1.913        0.094
        1.711       -1.578       -0.535
       -1.116        0.036       -2.934
       -1.555       -1.522        0.527
       -0.105        0.988        0.697
        0.253        1.204        1.867
       -2.067        1.047       -2.031
       -0.102       -1.137       -2.598
       -2.291        0.166       -0.025
       -1.794        0.373       -0.843
       -1.524        1.254       -1.647
        2.385        1.661       -0.465
        2.479        0.421        0.164
        0.389        0.912       -2.751
        1.814       -1.261       -1.494
        0.136       -1.621       -1.608
        1.202       -2.025        1.197
       -1.291        0.901        1.374
        1.341       -1.772       -1.681
       -1.707        1.590       -2.212
       -0.965       -0.356       -2.331
       -2.131        1.364       -0.174
        0.801       -0.909        1.371
        1.183        0.418       -1.988
        0.783        1.377        1.428
        1.136        0.126       -1.060
        0.287        1.242       -2.144
       -0.892       -1.606        0.270
       -1.864        0.381       -2.053
       -2.083        1.315        1.069
       -1.354       -2.127       -0.697
       -0.780        1.127        0.524
        1.910       -0.738        1.870
       -0.261        1.330        0.145
        0.610        2.086       -1.307
        0.362        2.968        0.593
       -0.647        1.990       -2.284
        1.718       -0.954       -0.867
        1.882       -0.137        1.526
       -0.298        1.622        1.976
        0.586        0.566       -0.942
       -1.642       -2.179        0.471
        0.523        0.578       -2.165
        0.546       -2.275        1.202
       -1.521        1.229       -0.417
       -2.407       -0.556       -0.074
        0.437        0.889       -1.549
        0.497       -1.020        2.565
        0.281       -0.941       -1.446
       -1.146        2.076        1.181
        0.110        2.188        0.946
        1.679       -0.306       -1.183
        0.414        1.204        0.287
        0.633       -2.589        0.576
        0.822        0.089        2.069
       -1.508       -0.479        1.231
        2.383        0.683        0.814
        2.432       -0.556        1.424
        1.851       -1.751        1.130
       -0.657        2.546        1.389
       -0.289       -0.475       -2.590
       -0.504        0.160       -1.333
        0.771       -2.857       -0.063
       -0.346       -1.492       -2.072
       -0.306        1.368       -1.099
        0.379       -1.258       -2.122
       -0.976        1.507       -1.309
        0.347        0.867        1.230
       -2.446        0.728        1.227
       -1.191       -1.652        1.462
        2.106       -1.395        0.616
       -2.550        0.046        1.160
        0.843       -2.216        0.024
       -0.658        2.314       -1.689
       -0.293       -0.037        1.599
       -1.045       -1.089       -1.217
       -1.283       -2.342        1.358
       -1.744       -0.882        1.834
       -0.018        2.420        1.580
       -2.331        0.181       -1.217
       -0.391        0.262        2.214
       -0.765       -0.917        0.366
       -1.146        0.258       -1.094
       -0.654       -3.049        0.714
        2.239        1.628        1.095
        0.431        0.533        0.602
       -0.908        0.725        2.289
        1.145       -2.138       -1.140
        0.503        0.225       -0.001
        1.971        0.198        0.590
       -0.753       -1.809        1.984
       -1.031        0.039        2.246
        0.950       -2.513       -0.586
       -1.759        0.334        0.387
        0.228       -0.245       -3.000
       -0.520        1.962        0.157
        2.241       -0.724       -1.269
        1.422       -0.017        1.022
       -1.921        0.712       -0.216
       -2.430       -1.515       -0.746
        1.591       -2.290       -0.650
        0.147        0.022       -1.150
       -2.501       -1.224       -0.147
       -0.940       -0.270        1.612
        0.113       -2.182        0.693
       -1.763        1.897       -1.596
       -0.256       -1.871        2.454
        0.960       -1.527        0.127
       -0.390       -0.709        1.531
       -0.811        1.418        2.376
       -2.059       -0.700        0.865
        1.286        1.947       -1.157
        2.066        0.830       -1.266
        1.830        0.175        2.142
        2.630       -0.855       -0.727
        1.570       -0.003       -0.539
       -0.137       -0.813       -2.004
       -0.101       -0.691        0.292
        2.013       -0.414        0.904
        2.102       -0.436       -0.654
        0.114       -0.290       -0.227
        0.154        1.548       -2.718
        0.725        1.759       -1.942
       -1.364       -2.067        1.960
        2.515        1.045       -1.704
       -0.609        0.491       -0.702
        1.355        0.293        1.665
       -1.659        0.041       -0.232
       -1.196        0.320       -2.312
       -0.878        1.446        1.137
        0.916       -1.634       -2.209
       -1.710        1.904       -0.412
        1.370       -1.156       -2.006
        0.443        2.687       -0.037
        0.611       -0.094       -0.651
        2.045       -2.346       -0.119
        1.320       -1.346        1.279
        1.520       -0.328        0.416
        1.903       -2.086        0.498
       -1.527        0.791        2.547
        1.806        0.785        1.855
        0.922        1.410       -0.143
       -0.976       -1.276        0.910
       -1.985       -1.020        0.222
        2.404       -1.147        1.746
       -1.481       -1.836       -0.102
       -0.303       -1.027        0.874
        0.128       -1.155        1.400
       -0.081        2.533        0.388
       -0.480       -2.752        0.097
       -0.819       -1.926       -0.345
        2.523        0.720       -0.780
        0.176       -0.617       -0.851
       -2.244        1.686       -0.773
        1.007       -0.524        0.814
        0.395       -1.663        2.427
        0.473       -1.982        1.845
        2.017        0.502       -0.328
        1.799       -0.630       -1.790
        1.271       -1.466       -1.061
        1.549        0.638       -0.848
        2.189       -1.712        0.012
       -1.791       -0.521        2.412
        0.707        0.387        2.671
       -1.472        0.519        1.906
       -1.427        1.232        0.765
        2.242       -1.380       -0.952
        2.514       -0.836        0.793
        1.437        0.950       -0.238
        1.300        2.198        0.721
        1.870        2.060       -0.325
        0.701       -2.029       -1.666
       -2.662        1.151       -0.575
        1.399        1.282        0.397
       -1.617        1.567       -1.003
        2.071       -0.132       -0.011
       -0.362       -2.068        0.141
       -0.726       -2.202       -0.927
       -0.693       -0.794        2.712
       -0.198        2.809       -0.235
       -1.160        2.146       -0.044
       -0.568       -2.388        0.723
        1.430        0.619        0.696
       -0.234       -0.492       -1.388
        1.597       -0.630       -0.222
       -0.759        0.073        1.067
        1.387       -2.621       -0.085
       -0.052       -1.539        1.949
       -2.027       -0.788       -1.807
       -0.561        0.188       -2.551
       -0.183        0.661        1.657
       -1.528        1.548        1.407
       -0.035        2.226       -1.468
        2.615       -0.224       -1.050
        0.756        2.034        1.126
        0.350        0.221        1.540
       -0.613       -1.101        2.060
        0.504        2.674        1.165
        1.525        0.286        0.088
       -0.706       -1.015       -2.368
        1.949        0.817        0.283
       -0.889        1.170       -1.926
        1.299        0.142       -2.639
       -0.455        0.128       -0.109
       -1.465        0.961       -2.279
       -0.831        0.439        1.681
        1.003        0.115        0.481
       -1.598        1.619        0.188
        0.664        0.233       -1.570
       -2.178       -0.076        2.127
        1.628       -1.282        0.114
       -0.422        1.659       -0.477
        1.732        0.016       -2.103
       -0.421        1.946        1.348
        0.701        1.037        2.365
        0.264       -0.309       -1.810
       -2.414        0.457        0.630
       -0.942       -2.613       -0.392
       -0.121        2.522       -0.852
       -0.400       -0.159       -1.968
        0.257        1.532       -0.311
       -0.908       -0.400       -1.126
       -1.581       -0.185        1.845
        0.882        1.042        0.811
       -0.640       -0.261        0.431
        1.474       -0.675        1.342
        1.456        1.291       -2.380
        1.248        0.624        2.249
        1.313        1.576        1.024
       -1.100       -2.937        0.189
        0.170        1.872        0.311
        1.837        1.789        0.588
       -0.395       -1.192       -1.469
        1.179       -1.156       -0.412
        0.640        0.270       -2.789
        0.016        1.901       -2.136
        0.537       -0.388        0.322
        1.023        0.423       -0.412
        0.798       -0.722       -1.897
        0.694        1.688        2.066
       -1.427       -0.819        0.594
        1.268       -0.846       -1.387
       -2.140       -0.414        1.508
       -0.956        1.456       -0.064
       -1.239        2.150       -1.246
        1.708        0.637       -2.389
       -0.703       -1.237       -0.294
       -0.028       -2.832        0.672
        1.367        1.623       -1.771
       -1.778       -1.643       -1.012
       -0.276        1.069       -2.933
        2.239       -1.971       -0.623
       -1.392        0.213        1.293
       -1.062        1.825       -0.639
       -1.125       -0.778       -0.592
       -1.832        0.683        1.000
        0.782       -0.090       -2.217
        1.954        1.799       -0.957
        1.338        0.928        1.369
       -0.346        1.262        2.851
        2.135       -1.062       -0.329
       -0.989        1.024        2.889
        1.501        1.292       -1.185
       -0.016        0.407       -2.952
        0.167        1.463        2.486
        0.776        1.752       -0.729
       -1.338       -0.985        2.688
       -1.743       -1.847        1.079
       -0.127       -2.532        1.265
       -1.446       -0.608       -1.509
       -0.364        1.373       -2.331
       -0.475        0.574        2.843
       -0.856       -0.577       -2.943
        1.612        0.953       -1.791
        2.344        0.404        1.725
        2.024        1.491       -1.589
        0.802        1.425       -2.537
       -2.577        0.832       -1.193
       -0.590       -0.095        2.791
       -1.170        1.872       -1.892
        0.508       -1.426       -0.411
       -0.044       -0.986       -0.328
       -1.808       -1.552        1.687
        0.385       -2.148       -0.500
       -0.640        2.362       -0.461
